      5.71500
      5.71500
      5.71500
      5.71500
      5.71500
      5.71500
      5.71500
      5.71500
      76.2000
      76.2000
      76.2000
      38.1000
      38.1000
      38.1000
      38.1000
      38.1000
      38.1000
      64.7700
      64.7700
      64.7700
      64.7700
      84.9086
      84.9086
      84.9086
      84.9086
      84.9086
      84.9086
      84.9086
      165.947
      165.947
      165.947
      165.947
      165.947
      165.947
      165.947
      165.947
      165.947
      106.680
      106.680
      106.680
      106.680
      106.680
      106.680
      106.680
      106.680
      106.680
      106.680
      106.680
      99.0600
      99.0600
      99.0600
      99.0600
      30.4800
      30.4800
      30.4800
      30.4800
      104.503
      104.503
      104.503
      104.503
      104.503
      104.503
      104.503
      94.4880
      94.4880
      94.4880
      94.4880
      94.4880
      73.6600
      73.6600
      73.6600
      73.6600
      73.6600
      73.6600
      139.700
      139.700
      139.700
      139.700
      139.700
      139.700
      26.6700
      26.6700
      26.6700
      26.6700
      30.4800
      30.4800
      39.6240
      39.6240
      39.6240
      39.6240
      39.6240
      76.2000
      76.2000
      76.2000
      76.2000
      59.0550
      59.0550
      59.0550
      59.0550
      59.0550
      59.0550
      59.0550
      59.0550
      40.0050
      40.0050
      40.0050
      40.0050
      40.0050
      40.0050
      40.0050
      40.0050
      101.600
      101.600
      101.600
      28.5750
      28.5750
      28.5750
      28.5750
      28.5750
      28.5750
      28.5750
      28.5750
      9.14400
      9.14400
      9.14400
      9.14400
      9.14400
      9.14400
      9.14400
      9.14400
      9.14400
      9.14400
      25.4000
      25.4000
      25.4000
      25.4000
      25.4000
      25.4000
      2.54000
      2.54000
      2.54000
      2.54000
      2.54000
      2.54000
      2.54000
      2.54000
      2.54000
      2.54000
      2.54000
      2.54000
      2.54000
      2.54000
      2.54000
      2.54000
      2.54000
      2.54000
      2.54000
      2.54000
      2.54000
      2.54000
      2.54000
      2.54000
      2.54000
      2.54000
      2.54000
      2.54000
      2.54000
      2.54000
      2.54000
      2.54000
      2.54000
      2.54000
      2.54000
      2.54000